pos/bg003.jpg 1 1452 1122 77 339
pos/bg004.jpg 1 373 920 84 489
pos/bg005.jpg 1 607 723 125 609
pos/bg008.jpg 1 1 559 177 1264
pos/bg009.jpg 2 807 1118 44 308 1110 815 172 747
pos/bg015.jpg 1 115 897 117 548
pos/bg016.jpg 2 835 1208 33 195 1405 1080 82 374
pos/bg034.jpg 1 1315 299 284 1492
pos/bg036.jpg 3 284 1200 62 216 445 1068 90 391 710 803 189 751
pos/bg037.jpg 4 599 1 521 1993 499 1020 108 451 143 1220 41 180 299 1136 58 293
pos/bg040.jpg 2 69 735 72 749 1160 1093 80 372
pos/bg041.jpg 1 1444 876 112 477
pos/bg042.jpg 1 556 740 44 251
pos/bg043.jpg 1 835 581 51 270
pos/bg047.jpg 1 764 712 106 365
pos/bg048.jpg 2 1577 1045 28 118 1699 1064 21 47
pos/bg049.jpg 2 28 781 68 396 1176 917 37 141
pos/bg052.jpg 1 1415 288 137 690
pos/bg053.jpg 4 691 1041 87 656 1166 1428 17 80 1366 1436 11 67 883 1439 10 66
pos/bg055.jpg 2 353 1524 21 76 143 1517 19 87
pos/bg070.jpg 1 1712 817 59 357
pos/bg074.jpg 1 733 945 51 395
pos/bg078.jpg 3 146 672 134 735 1280 1000 69 309 1691 954 80 411
pos/bg079.jpg 4 196 927 66 275 682 1043 35 131 575 1056 24 109 1227 899 64 357
pos/bg082.jpg 2 360 441 103 785 1365 852 75 265
pos/bg083.jpg 1 1220 41 204 1265
pos/bg084.jpg 1 799 613 145 808
pos/bg094.jpg 1 667 914 137 685
pos/bg095.jpg 2 1110 856 127 657 39 1123 37 273
pos/bg096.jpg 1 663 762 125 653
pos/bg097.jpg 1 75 755 151 690
pos/bg104.jpg 2 832 1053 97 466 1281 1229 50 223
pos/bg105.jpg 2 777 1007 101 464 1229 1182 45 224
pos/bg106.jpg 2 697 1032 88 462 1141 1194 52 219
pos/bg107.jpg 2 696 1047 111 462 1153 1232 40 220
pos/bg109.jpg 2 951 1244 56 250 1195 1334 24 133
pos/bg110.jpg 1 827 1071 57 326
pos/bg111.jpg 1 1238 1080 91 436
pos/bg112.jpg 2 453 838 189 632 688 1009 91 294
pos/bg113.jpg 2 689 707 184 626 922 879 94 288
pos/IMG_4964.jpg 1 1255 620 574 2835
pos/IMG_4966.jpg 1 1424 286 444 3734
pos/IMG_4967.jpg 1 842 290 543 2861
pos/IMG_4968.jpg 1 1116 438 378 2500
pos/IMG_4969.jpg 1 1011 1386 439 1226
pos/IMG_4970.jpg 1 985 486 965 2847
pos/IMG_4971.jpg 1 1063 573 331 2460
pos/IMG_4972.jpg 1 1411 1420 165 1496
pos/IMG_4973.jpg 6 1316 1732 88 1049 144 2441 42 316 635 2487 27 236 910 2575 18 172 1486 2411 64 212 2080 2263 21 600
pos/IMG_4974.jpg 2 1198 1273 309 1586 2776 1799 118 734
pos/IMG_4975.jpg 3 1098 933 526 3057 572 2820 39 313 216 2829 30 265
pos/IMG_4976.jpg 1 855 446 778 3087
pos/IMG_4977.jpg 1 1559 986 226 1843
pos/IMG_4978.jpg 3 1537 525 226 2808 11 2351 296 491 2898 2773 92 473
pos/IMG_4979.jpg 1 933 581 1178 3265
pos/IMG_4980.jpg 2 1172 538 544 2726 2237 1833 331 1096
pos/IMG_4981.jpg 2 1098 159 718 3873 2120 2290 135 496
pos/IMG_4982.jpg 4 759 2033 283 1222 503 2486 126 491 1420 277 735 3722 2776 2338 218 695
pos/IMG_4983.jpg 1 1324 220 405 3109
pos/IMG_4984.jpg 1 1211 1220 487 1357
pos/IMG_4985.jpg 1 1033 464 874 2622
pos/IMG_4986.jpg 4 1107 2186 165 513 2394 2081 104 609 2463 2159 61 444 11 2281 135 431
pos/IMG_4987.jpg 1 672 403 926 2743
pos/IMG_4988.jpg 3 842 116 1082 3916 798 2433 170 1222 1868 2790 91 604
pos/IMG_4989.jpg 2 1333 1233 465 2640 1 2212 189 926
pos/IMG_4990.jpg 1 1420 1255 274 1926
pos/IMG_4991.jpg 2 903 7 765 3883 1976 2303 187 1287
pos/IMG_4992.jpg 1 1046 755 1217 3026
pos/IMG_4993.jpg 2 816 973 408 2839 2594 1990 52 1383
pos/IMG_4994.jpg 1 507 255 2078 3777
pos/IMG_4995.jpg 2 459 851 1052 3004 2563 1903 140 1478
pos/IMG_4996.jpg 2 1442 899 665 3133 2629 2277 334 1039
pos/IMG_4997.jpg 2 1607 1286 561 2221 2398 2607 48 552
pos/IMG_4998.jpg 1 1394 329 1630 3703
pos/IMG_4999.jpg 2 533 2455 230 1039 1611 955 583 3077
pos/IMG_5001.jpg 2 1203 220 573 3812 20 1464 235 1300
pos/IMG_5002.jpg 1 1016 1 621 2772
pos/IMG_5003.jpg 1 1311 873 422 2265
pos/IMG_5004.jpg 1 1890 559 917 3457
pos/IMG_5005.jpg 1 1390 1690 217 569
pos/IMG_5006.jpg 1 1324 1046 335 1087
pos/IMG_5007.jpg 1 1272 820 539 2731
pos/IMG_5021.jpg 1 1463 1728 102 201
pos/IMG_5022.jpg 1 1532 1342 31 352
pos/IMG_5023.jpg 1 1510 829 130 2049
pos/IMG_5025.jpg 1 2538 1897 102 836
pos/IMG_5033.jpg 1 1075 1294 754 2738
pos/IMG_5034.jpg 1 1085 2 875 3244
pos/IMG_5038.jpg 1 977 111 950 3920
pos/IMG_5039.jpg 1 1581 1 404 2288
pos/IMG_5045.jpg 2 1446 15 227 3831 6 1395 113 672
pos/IMG_5047.jpg 1 2044 2289 259 715
pos/IMG_5048.jpg 1 1129 11 739 2600
pos/IMG_5065.jpg 1 1199 259 926 3748
pos/IMG_5069.jpg 1 1855 198 700 3834
pos/IMG_5073.jpg 1 1225 729 523 3303
pos/IMG_5075.jpg 1 1046 455 1122 3577
pos/IMG_5076.jpg 1 1333 298 648 3734
pos/IMG_5078.jpg 1 1246 1 1775 1258
pos/IMG_5079.jpg 1 1164 1037 939 2983
pos/IMG_5080.jpg 1 1338 737 895 3278
pos/IMG_5081.jpg 1 994 689 1569 3343
pos/IMG_5085.jpg 1 1190 642 874 3390
pos/IMG_5086.jpg 1 960 1402 1441 2630
pos/IMG_5087.jpg 1 1068 655 687 3377
pos/IMG_5089.jpg 1 1403 868 639 3164
pos/IMG_5091.jpg 1 1033 789 910 3243
pos/IMG_5092.jpg 1 981 33 1472 3999
pos/IMG_5093.jpg 1 907 20 1183 3078
pos/IMG_5094.jpg 1 1216 2 356 4030
pos/IMG_5097.jpg 1 1298 11 516 4021
pos/IMG_5098.jpg 1 1337 2 357 4027
pos/IMG_5099.jpg 1 942 11 965 2252
pos/IMG_5118.jpg 1 1385 602 546 3430
pos/IMG_5119.jpg 1 1616 7 452 3387
pos/IMG_5120.jpg 1 581 20 217 4004
pos/IMG_5121.jpg 1 833 7 796 4025
pos/IMG_5123.jpg 1 1129 1359 854 2673
pos/IMG_5124.jpg 1 1581 7 313 2895
pos/IMG_5125.jpg 1 855 68 1001 3964
pos/IMG_5126.jpg 1 850 11 1120 4021
pos/IMG_5127.jpg 1 4 1 1886 4028
pos/IMG_5128.jpg 1 298 381 1544 3639
pos/IMG_5129.jpg 1 1216 11 1191 4013
pos/IMG_5130.jpg 1 1194 333 1217 3699
pos/IMG_5131.jpg 1 472 11 1800 4013
pos/IMG_5136.jpg 1 772 915 1209 3109
pos/IMG_5137.jpg 1 24 146 1335 3878
pos/IMG_5138.jpg 1 790 2 485 4027
pos/IMG_5139.jpg 1 750 542 1136 3490
pos/IMG_5140.jpg 1 1455 7 537 4025
pos/IMG_5141.jpg 1 2072 7 461 4025
pos/IMG_5142.jpg 1 2137 11 620 4021
pos/IMG_5143.jpg 1 3 520 1243 2022
pos/IMG_5144.jpg 1 1655 2 414 4030
pos/IMG_5145.jpg 1 568 624 1652 3400
pos/IMG_5147.jpg 1 1272 1002 711 3030
pos/IMG_5148.jpg 1 798 2 1935 4030
pos/IMG_5153.jpg 1 868 1 1152 4019
pos/IMG_5154.jpg 1 503 1572 1260 2460
pos/IMG_5157.jpg 1 1280 1635 482 1673
pos/IMG_5164.jpg 1 1250 1 948 4010
pos/IMG_5165.jpg 1 7 1 1926 2797
pos/IMG_5166.jpg 1 829 2 2195 2510
pos/IMG_5168.jpg 1 1346 7 400 3622
pos/IMG_5169.jpg 1 1285 11 357 4021
pos/IMG_5171.jpg 1 624 7 1242 4025
pos/IMG_5172.jpg 1 1033 1272 1085 2760
pos/IMG_5173.jpg 1 1863 7 1024 4025
pos/IMG_5176.jpg 1 1293 1555 449 2047
pos/IMG_5177.jpg 1 1081 2 669 2379
pos/IMG_5178.jpg 1 781 1 664 4010
pos/IMG_5179.jpg 1 1101 1 554 4031
pos/IMG_5180.jpg 1 1072 7 775 4025
pos/IMG_5181.jpg 1 1068 755 639 3274
pos/IMG_5182.jpg 1 1803 7 672 4025
pos/IMG_5185.jpg 1 1672 7 433 4024
pos/IMG_5186.jpg 1 1203 2 743 4030
pos/IMG_5187.jpg 1 1011 1415 757 2617
pos/IMG_5188.jpg 1 2550 759 470 3139
pos/LINE_ALBUM_Dataset_250613_103.jpg 2 1477 929 60 528 152 984 45 413
pos/LINE_ALBUM_Dataset_250613_115.jpg 5 202 537 202 1240 1109 1067 58 440 1424 1272 73 297 1534 1317 43 227 1599 1347 38 182
pos/LINE_ALBUM_Dataset_250613_117.jpg 6 204 579 133 755 807 924 30 223 974 1032 35 140 1029 1049 28 95 1147 1074 25 68 1064 1067 20 80
pos/LINE_ALBUM_Dataset_250613_118.jpg 3 197 839 125 498 1122 1112 38 144 1690 1063 62 152
pos/LINE_ALBUM_Dataset_250613_119.jpg 2 82 799 107 926 616 1006 69 323
pos/LINE_ALBUM_Dataset_250613_120.jpg 2 72 827 112 915 587 1034 77 328
pos/LINE_ALBUM_Dataset_250613_122.jpg 2 977 1072 40 335 1199 1177 60 165
pos/LINE_ALBUM_Dataset_250613_130.jpg 1 954 719 43 410
pos/LINE_ALBUM_Dataset_250613_139.jpg 4 534 664 115 528 1419 144 280 1313 1569 657 60 425 1534 804 30 270
pos/LINE_ALBUM_Dataset_250613_140.jpg 5 484 1182 103 467 1322 839 230 998 1397 1167 47 380 1352 1282 35 262 1052 1439 27 118
pos/LINE_ALBUM_Dataset_250613_141.jpg 2 399 1122 70 260 844 1142 38 240
pos/LINE_ALBUM_Dataset_250613_142.jpg 5 237 739 40 505 1584 1109 25 183 1637 1049 27 223 1657 967 112 425 1107 1069 62 268
pos/LINE_ALBUM_Dataset_250613_147.jpg 1 1537 822 60 337
pos/LINE_ALBUM_Dataset_250613_151.jpg 1 1049 1117 93 272
pos/LINE_ALBUM_Dataset_250613_157.jpg 5 357 1324 27 118 477 1294 37 165 582 1269 55 210 579 1214 80 298 569 1027 143 585
pos/LINE_ALBUM_Dataset_250613_162.jpg 1 554 972 118 272
pos/LINE_ALBUM_Dataset_250613_163.jpg 3 354 1167 93 370 329 1059 150 538 284 752 250 997
pos/LINE_ALBUM_Dataset_250613_165.jpg 2 1034 1249 63 70 1652 1124 92 263
pos/LINE_ALBUM_Dataset_250613_166.jpg 2 849 1407 33 35 1122 1332 62 202
pos/LINE_ALBUM_Dataset_250613_168.jpg 2 1567 909 77 558 729 1232 28 27
pos/LINE_ALBUM_Dataset_250613_180.jpg 1 294 897 40 355
pos/LINE_ALBUM_Dataset_250613_184.jpg 2 237 524 112 700 1089 772 75 167
pos/LINE_ALBUM_Dataset_250613_185.jpg 3 506 1029 57 366 710 1153 32 87 813 1148 27 67
pos/LINE_ALBUM_Dataset_250613_186.jpg 3 2 802 117 482 1524 1112 38 322 812 1097 42 212
pos/LINE_ALBUM_Dataset_250613_190.jpg 2 447 827 82 420 744 957 38 157
pos/LINE_ALBUM_Dataset_250613_214.jpg 1 1567 604 90 218
pos/LINE_ALBUM_Dataset_250613_223.jpg 1 417 214 115 678
pos/LINE_ALBUM_Dataset_250613_224.jpg 1 992 229 142 503
pos/LINE_ALBUM_Dataset_250613_252.jpg 1 149 264 400 1258
pos/LINE_ALBUM_Dataset_250613_255.jpg 1 114 752 117 458
pos/LINE_ALBUM_Dataset_250613_258.jpg 1 29 2 70 1165
pos/LINE_ALBUM_Dataset_250613_263.jpg 2 289 529 135 835 1402 577 35 480
pos/LINE_ALBUM_Dataset_250613_266.jpg 1 152 129 242 805
pos/LINE_ALBUM_Dataset_250613_267.jpg 1 67 1 212 1196
pos/LINE_ALBUM_Dataset_250613_269.jpg 1 369 447 143 722
pos/LINE_ALBUM_Dataset_250613_271.jpg 2 2 72 207 227 1539 897 43 262
pos/LINE_ALBUM_Dataset_250613_272.jpg 1 124 189 213 845
pos/LINE_ALBUM_Dataset_250613_273.jpg 2 754 587 105 525 97 869 77 125
pos/LINE_ALBUM_Dataset_250613_274.jpg 1 767 412 75 522
pos/LINE_ALBUM_Dataset_250613_275.jpg 1 812 349 97 600
pos/LINE_ALBUM_Dataset_250613_277.jpg 1 1159 169 103 695
pos/LINE_ALBUM_Dataset_250613_28.jpg 3 154 767 155 727 1324 1079 55 315 1572 1044 97 375
pos/LINE_ALBUM_Dataset_250613_29.jpg 3 89 802 168 730 1279 1147 38 275 1527 1089 105 368
pos/LINE_ALBUM_Dataset_250613_32.jpg 2 4 669 95 560 984 947 58 300
pos/LINE_ALBUM_Dataset_250613_33.jpg 2 2 639 107 548 979 914 58 308
pos/LINE_ALBUM_Dataset_250613_48.jpg 3 129 314 280 1343 1357 952 127 625 569 1227 43 152
pos/LINE_ALBUM_Dataset_250613_49.jpg 4 1362 272 95 1020 704 862 58 435 1467 994 37 203 1667 1049 40 123
pos/LINE_ALBUM_Dataset_250613_55.jpg 1 1197 389 62 905
pos/LINE_ALBUM_Dataset_250613_77.jpg 1 762 882 142 672
pos/LINE_ALBUM_Dataset_250613_89.jpg 1 959 1137 45 385
pos/LINE_ALBUM_Dataset_250616_1.jpg 2 1472 452 90 367 1407 632 72 127
pos/LINE_ALBUM_Dataset_250616_10.jpg 1 398 949 76 307
pos/LINE_ALBUM_Dataset_250616_11.jpg 1 1582 959 90 425
pos/LINE_ALBUM_Dataset_250616_2.jpg 2 539 437 83 442 304 704 53 173
pos/LINE_ALBUM_Dataset_250616_28.jpg 1 329 559 235 718
pos/LINE_ALBUM_Dataset_250616_29.jpg 2 482 437 230 722 802 664 102 325
pos/LINE_ALBUM_Dataset_250616_3.jpg 1 357 542 72 285
pos/LINE_ALBUM_Dataset_250616_9.jpg 2 1519 1012 113 467 87 1047 55 475
